data/past_env/bio7_avg_1994_2009.asc
NCOLS 664 
NROWS 380 
XLLCORNER 3.91666666666667 
YLLCORNER 55.3333333333333 
CELLSIZE 0.0416666666666667 
NODATA_value -9999 
[rows 264 to 285 of 380, columns 588 to 636 of 664]
-9999 -9999 -9999 -9999 -9999 -9999 -9999 -9999 -9999 -9999 -9999 -9999 -9999 -9999 -9999 -9999 -9999 31.8851902484894 -9999 31.8869476318359 31.8657351732254 31.7936806678772 31.9104449748993 31.9253066778183 31.818767786026 -9999 -9999 -9999 -9999 -9999 -9999 -9999 -9999 -9999 32.2640179395676 34.6765779256821 34.8527343273163 34.9226906299591 35.0180178880692 34.8571869134903 34.6638563871384 34.7240236997604 34.823691368103 34.8015447854996 34.6911026239395 34.7656714916229 34.9137406349182 34.8883726596832 34.8609989881516
-9999 -9999 -9999 -9999 -9999 -9999 -9999 -9999 -9999 -9999 -9999 -9999 -9999 -9999 -9999 -9999 -9999 -9999 -9999 -9999 -9999 -9999 -9999 -9999 -9999 -9999 -9999 -9999 -9999 -9999 -9999 -9999 -9999 -9999 -9999 -9999 34.7244539260864 35.039852142334 34.9304381608963 34.6615159511566 34.4310952425003 34.4406743049622 34.6100018024445 34.7638309001923 34.828337430954 34.9207720756531 35.1645226478577 35.228685259819 35.1850974559784
-9999 -9999 -9999 -9999 -9999 -9999 -9999 -9999 -9999 -9999 -9999 -9999 -9999 -9999 -9999 -9999 -9999 -9999 -9999 -9999 -9999 -9999 -9999 -9999 -9999 -9999 -9999 -9999 -9999 -9999 -9999 -9999 -9999 -9999 -9999 31.3210934400558 34.9543818235397 34.881650686264 34.5983593463898 34.2700972557068 34.2485866546631 34.424075961113 34.5835639238358 34.7218021154404 34.7665725946426 34.8586004972458 35.1265479326248 35.2672464847565 35.2176949977875
-9999 -9999 -9999 -9999 -9999 -9999 -9999 -9999 -9999 -9999 -9999 -9999 -9999 -9999 -9999 -9999 -9999 -9999 -9999 -9999 -9999 -9999 -9999 -9999 -9999 -9999 -9999 -9999 -9999 34.7535724639893 34.8606295585632 35.0029146671295 35.0933471918106 31.3101662397385 34.4977419376373 -9999 -9999 34.7918525934219 34.5110297203064 34.2041801214218 34.2585777044296 34.4072282314301 34.4078768491745 34.617774605751 34.767057299614 34.6983402967453 34.8373245000839 35.0740588903427 35.1912927627563
-9999 -9999 -9999 -9999 -9999 -9999 -9999 -9999 -9999 -9999 -9999 -9999 -9999 -9999 -9999 34.5076787471771 34.6426523923874 34.7673473358154 34.8074649572372 34.8467074632645 34.9566842317581 34.9063001871109 34.9861136674881 34.9499132633209 34.8546183109283 -9999 34.7692674398422 -9999 -9999 31.5522788763046 34.914372086525 35.0320868492126 35.1215695142746 34.3597999811172 -9999 -9999 -9999 -9999 34.6096985340118 34.061009645462 34.2167826890945 34.4347225427628 34.4452255964279 34.5056494474411 34.5700408220291 34.7073318958282 34.9786014556885 35.1608698368073 35.2768890857697
-9999 -9999 -9999 -9999 -9999 -9999 -9999 -9999 -9999 -9999 -9999 -9999 -9999 -9999 -9999 34.6152698993683 34.7873244285583 34.8825836181641 35.0274583101273 35.2270834445953 35.2462952136993 35.0833425521851 35.042390704155 34.9026889801025 34.7857373952866 34.7497854232788 34.7593340873718 34.8535375595093 34.8785965442657 34.9323533773422 34.8996521234512 34.7919497489929 34.8137061595917 -9999 31.2745981216431 31.1473027467728 34.6271806955338 34.4346511363983 30.7955904006958 -9999 -9999 -9999 34.3719997406006 34.2850604057312 34.5297763347626 34.705322265625 34.8986274003983 35.0566828250885 35.2919881343842
-9999 -9999 -9999 -9999 -9999 -9999 -9999 -9999 -9999 -9999 -9999 -9999 -9999 31.6311656236649 34.0834574699402 34.7543909549713 35.0780910253525 35.1886307001114 35.2182078361511 35.2062484025955 35.0285938978195 34.949710726738 34.9318281412125 34.8876954317093 34.8828139305115 34.8761808872223 34.847048997879 34.7839159965515 34.7530341148376 34.8208019733429 34.8059413433075 34.6853308677673 34.7182605266571 34.7863614559174 34.8186316490173 34.7747957706451 34.6641563177109 34.6192440986633 -9999 30.7649831771851 30.5949214696884 32.4839905500412 34.0684362649918 34.2283685207367 34.7615109682083 35.0390630960464 35.2279033660889 35.30799472332 35.3478354215622
-9999 -9999 34.1448929309845 34.0830001831055 -9999 -9999 -9999 -9999 -9999 -9999 -9999 -9999 -9999 -9999 34.9549431800842 34.9764586687088 34.9624754190445 34.932928442955 34.9056053161621 34.8761519193649 34.8573462963104 34.8754419088364 34.9032874107361 34.9448828697205 35.1372299194336 35.3288263082504 35.1426857709885 34.9981648921967 34.8846462965012 34.7168771028519 34.6853574514389 34.7673374414444 34.7627829313278 34.7634462118149 34.9040501117706 34.9498400688171 34.9028800725937 34.7284203767776 34.7323095798492 34.6658967733383 34.6071661710739 34.5913314819336 34.4861227273941 34.604412317276 34.8202456235886 34.9231208562851 35.0484962463379 35.2288719415665 35.4079335927963
33.0368138551712 34.1916394233704 34.2976999282837 34.3821638822556 34.5240672826767 34.4938354492188 34.5063117742538 -9999 34.8656034469604 -9999 34.7545801401138 34.6101779937744 34.6123044490814 34.6688472032547 34.7510198354721 34.8257400989532 34.8230068683624 34.7832720279694 34.8777892589569 34.9808043241501 34.9365992546082 34.9761732816696 34.887997508049 34.9115728139877 35.0458964109421 35.101469874382 34.8737940788269 34.7741187810898 34.8616930246353 34.7782022953033 34.7432733774185 34.9855939149857 35.1195571422577 34.8941605091095 34.8355790376663 34.9002794027328 34.8379806280136 34.7759304046631 34.754380106926 34.6573332548141 34.7822828292847 34.8124830722809 34.8059338331223 34.8166353702545 34.9424802064896 35.0954701900482 35.1877111196518 35.3164520263672 35.3914402723312
34.1616117954254 34.5385378599167 34.6233390569687 34.7036422491074 34.6689230203629 34.5424965620041 34.4944645166397 34.6196210384369 34.7437193393707 34.8424879312515 34.7636839151382 34.6408747434616 34.6269018650055 34.6910375356674 34.7940242290497 34.8945305347443 34.840497136116 34.7789849042892 34.7834706306458 34.73845744133 34.6871032714844 34.6531538963318 34.5119570493698 34.5747600793839 34.6353125572205 34.5516154766083 34.4844174385071 34.5634695291519 34.6862733364105 34.7165250778198 34.7161877155304 34.8473519086838 35.0155791044235 34.97549700737 34.8648579120636 34.9349694252014 35.0368303060532 35.0809412002563 35.0550527572632 34.9676628112793 34.9807741641998 34.937135219574 34.8227450847626 34.7778569459915 34.8459652662277 34.9783197641373 35.1049249172211 35.221782207489 35.3108865022659
34.6301240921021 34.6243751049042 34.73177921772 34.8499282598495 34.8214845657349 34.6591497659683 34.5880975723267 34.6714028120041 34.7858797311783 34.8791394233704 34.7922704219818 34.7655377388 34.7278858423233 34.7799857854843 34.8228355646133 34.8374264240265 34.8292851448059 34.7524052858353 34.7417331933975 34.6655831336975 34.5850595235825 34.5304152965546 34.456270813942 34.5566260814667 34.6882320642471 34.6595892906189 34.5929436683655 34.6195497512817 34.7336555719376 34.8568381071091 34.9316029548645 34.9563682079315 35.0122405290604 35.0332157611847 35.0573250055313 35.0695934295654 35.1446136236191 35.2041347026825 35.1719040870667 35.1396725177765 35.1171934604645 34.9872130155563 34.836483836174 34.8852531909943 35.0344196557999 35.1122325658798 35.1325459480286 35.2468588352203 35.4204221963882
34.9112056493759 34.8780294656754 34.8224723339081 34.785765171051 34.7970584630966 34.7801021337509 34.7093942165375 34.6709371805191 34.8916527032852 34.8750536441803 34.7337437868118 34.9113483428955 34.8894507884979 34.8875551223755 34.9675529003143 35.0795704126358 34.971751332283 34.8057200908661 34.806572675705 34.8111768960953 34.6782206296921 34.7257044315338 34.760688662529 34.8741170167923 34.9142453670502 34.9173904657364 34.856624007225 34.8271089792252 34.9360117912292 35.0328911542892 35.0610198974609 35.0298987627029 35.0535352230072 35.1351786851883 35.1892293691635 35.0821579694748 35.1558594703674 35.204754114151 35.2631875276566 35.2846149206161 35.333792090416 35.2772176265717 35.1918966770172 35.2208230495453 35.2753429412842 35.3092057704926 35.3435696363449 35.4289333820343 35.4972966909409
35.0582612752914 35.0465412139893 34.8230704069138 34.7265496253967 34.755855679512 34.7691624164581 34.6576907634735 34.7529714107513 34.9555486440659 34.9579660892487 34.8252991437912 34.88030397892 34.9137215614319 34.9591405391693 35.0233097076416 34.9987273216248 34.8229494094849 34.7180552482605 34.8164138793945 34.8835226297379 34.8061321973801 34.7327445745468 34.7771056890488 34.9434686899185 35.0605800151825 35.158193230629 35.0765548944473 35.0624171495438 35.0482012033463 34.9974437952042 35.0454361438751 35.1814293861389 35.1730817556381 35.1168926954269 35.2384541034698 35.2557651996613 35.2688266038895 35.2988860607147 35.3499706983566 35.3553050756454 35.4238884449005 35.5342245101929 35.5460588932037 35.4821441173553 35.4717671871185 35.4991800785065 35.6078443527222 35.7017570734024 35.6816705465317
35.0493092536926 34.9786529541016 34.8696717023849 34.8486253023148 34.8806478977203 34.9284189939499 34.9249415397644 35.0735067129135 35.0999888181686 34.9751309156418 34.9313168525696 34.9730050563812 35.0101922750473 35.0468798875809 35.0295677185059 34.8952548503876 34.7402801513672 34.8393795490265 34.9923161268234 35.0332536697388 35.027708530426 34.9376798868179 34.9387739896774 35.0690139532089 35.1749647855759 35.2364950180054 35.179734826088 35.1925338506699 35.2096405029297 35.1007460355759 35.1533527374268 35.2747091054916 35.2736274003983 35.2727949619293 35.3457868099213 35.3682788610458 35.3470214605331 35.4385135173798 35.478503704071 35.4767464399338 35.5404880046844 35.708230137825 35.761972784996 35.6209644079208 35.4714423418045 35.4289054870605 35.4601193666458 35.5603324174881 35.5545452833176
35.0905208587646 34.9778159856796 34.9258610010147 34.8814067840576 34.8607020378113 35.0009968280792 35.0435415506363 35.1862907409668 35.2275257110596 34.9909912347794 35.1017088890076 35.1304256916046 35.0873928070068 35.0433611869812 34.9603244066238 34.9145317077637 34.9302369356155 35.0206928253174 35.1193993091583 35.119105219841 35.1221497058868 35.1690325737 35.1406650543213 35.1967982053757 35.2836805582047 35.2329181432724 35.1669154167175 35.2358583211899 35.3616523742676 35.2672723531723 35.1973903179169 35.2912585735321 35.4031425714493 35.5012916326523 35.4991902112961 35.4400901794434 35.4709894657135 35.6258885860443 35.7055389881134 35.7614377737045 35.723336815834 35.8257373571396 35.923635840416 35.6912845373154 35.3711161613464 35.1646300554276 35.1641429662704 35.2461566925049 35.3179202079773
35.0864819288254 35.1700503826141 35.1013687849045 34.8599380254745 34.7785062789917 34.85582447052 34.9191429615021 35.0384608507156 35.172562122345 35.1587961912155 35.2565314769745 35.052513718605 34.917132973671 34.8036079406738 34.8384674787521 35.0174525976181 35.0537829399109 34.9985069036484 35.0377315282822 35.0937075614929 35.0588428974152 35.0916360616684 35.1341799497604 35.1594742536545 35.2675193548203 35.3295646905899 35.3233464956284 35.3643429279327 35.4403398036957 35.2770870923996 35.1515815258026 35.3293287754059 35.5144820213318 35.654038310051 35.6830947399139 35.6281512975693 35.6769721508026 35.851514339447 35.9930721521378 36.0888798236847 35.9841861724854 35.9569927453995 35.9960494041443 35.8388558626175 35.5852898359299 35.4141039848328 35.344918012619 35.4154797792435 35.5657941102982
35.0319446325302 35.2282854318619 35.1891281604767 34.9774696826935 34.8595595359802 34.8501523733139 34.8904925584793 35.0453342199326 35.3770897388458 35.4970999956131 35.3728512525558 35.1386033296585 34.9563553333282 34.8668563365936 35.1011083126068 35.2178604602814 35.131577372551 35.0540719032288 35.0555655956268 35.0693085193634 35.1292835474014 35.1577394008636 35.2356951236725 35.239401102066 35.2471070289612 35.3685619831085 35.4925174713135 35.5084728002548 35.5240257978439 35.4379014968872 35.3757765293121 35.4446507692337 35.6073203086853 35.693785071373 35.7739988565445 35.7314621210098 35.8051762580872 35.9638210535049 36.0936478376389 36.1914734840393 36.2460340261459 36.2889974117279 36.1027125120163 35.988676071167 35.9672150611877 35.8685789108276 35.7266917228699 35.7440564632416 35.9304195642471
35.1714060306549 35.2592700719833 35.3473855257034 35.3209995031357 35.1021151542664 34.9034794569016 34.7823432683945 34.909458398819 35.2305176258087 35.2947846651077 35.133297085762 34.9710595607758 34.9486211538315 35.0385831594467 35.2542961835861 35.4630100727081 35.4302229881287 35.310186624527 35.2536481618881 35.2826600074768 35.4147250652313 35.3810926675797 35.3319609165192 35.3823268413544 35.3546943664551 35.4945616722107 35.4751768112183 35.3935459852219 35.5052129030228 35.6387152671814 35.673718214035 35.6127219200134 35.5201586484909 35.5110305547714 35.5816519260406 35.6090227365494 35.700154542923 35.9133036136627 36.0108896493912 36.0070108175278 36.1641306877136 36.2690780162811 36.0688750743866 35.9237465858459 35.9918899536133 36.0395529270172 35.9712176322937 35.9228794574738 35.9730437994003
35.2527657747269 35.3697426319122 35.447167634964 35.4126201868057 35.219321846962 34.9855561256409 34.8006933927536 34.7168321609497 34.7499171495438 34.8516649007797 35.0791317224503 35.1628499031067 35.2148169279099 35.1940335035324 35.3060015439987 35.4582185745239 35.5199381113052 35.4351536035538 35.2956216335297 35.2490119934082 35.3711677789688 35.3741960525513 35.3929749727249 35.3880045413971 35.3992813825607 35.5020600557327 35.4715874195099 35.1966173648834 35.2583960294724 35.5396734476089 35.6839536428452 35.6660432815552 35.5977486371994 35.4722771644592 35.6213066577911 35.6313353776932 35.884120464325 35.9815562963486 35.9948626756668 36.1477862596512 36.323880314827 36.5057229995728 36.319587469101 36.0980672836304 36.0220633745193 36.0252760648727 35.9142413139343 35.878204703331 35.9336686134338
35.2777681350708 35.3537335395813 35.4309507608414 35.4494562149048 35.334144949913 35.2465832233429 35.0052945613861 34.7162058353424 34.6735615730286 34.7520978450775 34.9243195056915 35.018541097641 35.0540132522583 35.0814851522446 35.1804568767548 35.2614284753799 35.3244007825851 35.2748721837997 35.1028461456299 35.0598644018173 35.1401094198227 35.1097995042801 35.152489900589 35.0171792507172 35.0406194925308 35.2553102970123 35.4094989299774 35.345440030098 35.3348799943924 35.4388196468353 35.3726062774658 35.222364783287 35.1948372125626 35.2897738218307 35.610210776329 35.9266476631165 36.1162545681 36.2693486213684 36.3974425792694 36.5975357294083 36.6693806648254 36.7119733095169 36.4322786331177 36.073637843132 35.9057385921478 35.8840030431747 35.7845153808594 35.8372793197632 35.9650427103043
35.3137717247009 35.3737285137177 35.4756840467453 35.4488909244537 35.1980290412903 35.1165524721146 35.0771450996399 34.9205791950226 34.9080556631088 34.9775320291519 35.0727570056915 35.0627346038818 34.8745837211609 34.8762286901474 35.0344120264053 35.2138878107071 35.3068633079529 35.2045625448227 34.9400374889374 34.8114655017853 34.8225507736206 34.8526524305344 34.8895045518875 34.8973559141159 34.9509574174881 35.0923092365265 35.2041602134705 35.2730120420456 35.2891125679016 35.1659638881683 35.1022988557816 35.2134358882904 35.3236767053604 35.3617695569992 35.5633642673492 35.8279596567154 36.0445523262024 36.2622032165527 36.3716922998428 36.5977858304977 36.6883809566498 36.6076868772507 36.2753649950027 36.0294576883316 35.9419120550156 35.9307271242142 35.8800400495529 35.8848538398743 36.0289181470871
35.2035233974457 35.244220495224 35.2361662387848 35.186624288559 35.0948311090469 35.1815041303635 35.2826997041702 35.1943961381912 35.1304860115051 35.1163258552551 35.0522919893265 35.0132573843002 34.8582227230072 34.7709386348724 34.8611530065536 34.9793688058853 34.956582903862 34.842881321907 34.7434532642365 34.717276096344 34.7531547546387 34.8405872583389 34.9127706289291 34.9970313310623 35.0557943582535 35.1208082437515 35.2613198757172 35.3898333311081 35.3068457841873 35.1479759216309 35.1084915399551 35.2457580566406 35.4097654819489 35.5225175619125 35.5500180721283 35.6630202531815 35.8905210494995 36.0752711296082 36.144021987915 36.433086514473 36.6148616075516 36.4756369590759 36.1970272064209 36.0875278711319 36.0840858221054 36.0464495420456 36.0643140077591 36.016428232193 36.0102918148041
