data/past_env/bio7_avg_1994_2009.asc
NCOLS 664 
NROWS 380 
XLLCORNER 3.91666666666667 
YLLCORNER 55.3333333333333 
CELLSIZE 0.0416666666666667 
NODATA_value -9999 
[rows 352 to 373 of 380, columns 490 to 538 of 664]
32.4327317476273 32.3708299398422 32.4015251398087 32.3776072263718 32.374688744545 32.5836552381516 32.7307192087173 32.7557817697525 32.8139117956161 32.9949592351913 32.9883118867874 32.8982383012772 32.8085219860077 32.8296675682068 32.8330624103546 32.9342036247253 32.9918662309647 33.1290274858475 33.3419388532639 33.4896022081375 33.6270139217377 33.710676908493 33.661218047142 33.7698907852173 33.840064406395 33.7914870977402 33.8801587820053 34.0873321294785 34.1250039339066 34.144926071167 34.1328498125076 34.3020216226578 34.5379446744919 34.6486175060272 34.6968973875046 34.7547769546509 34.9205322265625 34.9980404376984 34.8115496635437 34.6750547885895 34.5808118581772 34.543107509613 34.599994301796 34.6321306228638 34.6077674627304 34.5261560678482 34.3843864202499 34.3512092828751 34.2865337133408
32.4277452230453 32.3495067358017 32.4485198259354 32.4424591064453 32.3210855722427 32.3958383798599 32.6352059841156 32.7013221979141 32.6651892662048 32.8364305496216 33.0275259017944 33.1269760131836 33.1462768316269 33.1633312702179 33.1666338443756 33.1545767784119 33.0913832187653 33.1259371042252 33.2032434940338 33.3350485563278 33.4566034078598 33.529159784317 33.5383747816086 33.6495007276535 33.6976262331009 33.6755014657974 33.7923777103424 34.0247532129288 34.1078797578812 34.2087552547455 34.2308790683746 34.217754483223 34.2576298713684 34.4720848798752 34.7314989566803 34.8173912763596 34.7940564155579 34.6905608177185 34.4443150758743 34.4943186044693 34.4968914985657 34.520517706871 34.513645529747 34.5015209913254 34.5041478872299 34.4287748336792 34.3653287887573 34.3990622758865 34.3592945337296
32.3552578687668 32.378934264183 32.4276121854782 32.3980385065079 32.3852341175079 32.4267196655273 32.4608952999115 32.6538622379303 32.7974302768707 33.0638210773468 33.2558317184448 33.218714594841 33.1487836837769 33.1057461500168 33.2247495651245 33.2469483613968 33.1708979606628 33.0728477239609 33.1210459470749 33.2184947729111 33.3364442586899 33.4281431436539 33.5080323219299 33.5866109132767 33.5921884775162 33.635517001152 33.7323460578918 34.0161738395691 34.181502699852 34.2833306789398 34.2869079113007 34.1882358789444 34.2103147506714 34.4158929586411 34.5683655738831 34.47323179245 34.3343480825424 34.2527137994766 34.1103309392929 34.1086970567703 34.1500641107559 34.1969301700592 34.228545665741 34.3671621084213 34.3707773685455 34.409144282341 34.6393756866455 34.6675159931183 34.4446581602097
32.2592688798904 32.3718605041504 32.5037041902542 32.4800449609756 32.5673866271973 32.7739791870117 32.8534286022186 32.9599024057388 33.1343758106232 33.2438498735428 33.301628947258 33.1267039775848 32.9112685918808 32.8471590280533 33.0737783908844 33.3248963356018 33.393413901329 33.2735061645508 33.1935997009277 33.2771918773651 33.3947848081589 33.4963777065277 33.5409405231476 33.5882204771042 33.5785011053085 33.6117819547653 33.8038133382797 34.151344537735 34.3103761672974 34.3399065732956 34.268437743187 34.3097189664841 34.3447505235672 34.3242082595825 34.3833501338959 34.5232059955597 34.5463114976883 34.4429179430008 34.1385241746902 34.0341305732727 33.9737359285355 34.0218425989151 34.2424474954605 34.4358023405075 34.5307741165161 34.6811647415161 34.8831285238266 34.8496603965759 34.6491931676865
32.4072805643082 32.4415386915207 32.3987950086594 32.4628009796143 32.6973077058792 32.8895635604858 32.9923063516617 33.0976915359497 33.225468993187 33.3022463321686 33.3391462564468 33.3034200668335 33.0679401159286 32.8610745668411 33.0143504142761 33.3323765993118 33.4401793479919 33.3854159116745 33.3261519670486 33.3276385068893 33.4433748722076 33.6783609390259 33.7848463058472 33.7488312721252 33.6943143606186 33.796797990799 33.9997829198837 34.2535158395767 34.36274933815 34.2709838151932 34.2132177352905 34.2119700908661 34.2973700761795 34.4107691049576 34.516549706459 34.4667130708694 34.3718744516373 34.4950360059738 34.4261986017227 34.3805618286133 34.3916568756104 34.3465017080307 34.3673471212387 34.4911926984787 34.5711724758148 34.6433346271515 34.6658784151077 34.6148035526276 34.6357291936874
32.4812939167023 32.5134652853012 32.4938859939575 32.5483078956604 32.7022289037704 32.8248999118805 32.9391068220139 33.0750726461411 33.1915618181229 33.2671430110931 33.3244136571884 33.4813749790192 33.4676942825317 33.3105411529541 33.1396722793579 33.0766078233719 33.1790410280228 33.3249763250351 33.4564549922943 33.5775849819183 33.664964556694 33.7120951414108 33.7687529325485 33.8314409255981 33.9861271381378 34.115562915802 34.1702486276627 34.2980871200562 34.336961388588 34.2848347425461 34.2577081918716 34.1745822429657 34.1654560565948 34.3083311319351 34.3442335128784 34.3401684761047 34.4051020145416 34.3930361270905 34.4099682569504 34.5289025306702 34.5948356389999 34.5827705860138 34.5047039985657 34.5036376714706 34.5735713243484 34.5245048999786 34.4196302890778 34.3179491758347 34.4392672777176
32.5045999288559 32.5390602350235 32.5915222167969 32.6384836435318 32.7314442396164 32.8004055023193 32.8701176643372 32.9878972768784 33.0967074632645 33.2208795547485 33.3053131103516 33.4335525035858 33.5105437040329 33.460963010788 33.2176591157913 33.0229041576385 33.0209009647369 33.2604794502258 33.512939453125 33.6083987951279 33.789857506752 33.9020677804947 33.9871244430542 34.0700256824493 34.1156787872314 34.1753318309784 34.2561222314835 34.3672415018082 34.3613593578339 34.323478102684 34.2805972099304 34.2177143096924 34.2668322324753 34.4059507846832 34.5469748973846 34.4709007740021 34.367825627327 34.1947537660599 34.263680100441 34.4966058731079 34.584531545639 34.5184582471848 34.3163855075836 34.3083120584488 34.3832383155823 34.4391641616821 34.5081300735474 34.511132478714 34.5351334810257
32.519947886467 32.5365748405457 32.5899523496628 32.5823291540146 32.6017059087753 32.7428344488144 32.9227101802826 33.0018383264542 33.1082149744034 33.250763297081 33.3356194496155 33.3947857618332 33.3654533624649 33.3232033252716 33.3850605487823 33.3607699871063 33.2982295751572 33.3303779363632 33.4611028432846 33.6228277683258 33.7626849412918 33.9772979021072 34.1251707077026 34.1943030357361 34.0604348182678 34.0535691976547 34.2137010097504 34.3098349571228 34.3079682588577 34.2700998783112 34.2422342300415 34.285365819931 34.4574978351593 34.6116321086884 34.636768579483 34.4569081068039 34.2720491886139 34.2371912002563 34.3253304958344 34.4714703559875 34.510610461235 34.2997527122498 34.0828944444656 34.0890340805054 34.2491747140884 34.3863139152527 34.4743754863739 34.5023539066315 34.4633338451385
32.4572960138321 32.5190886259079 32.5896319150925 32.5656757354736 32.6192190647125 32.7465108633041 32.9185543060303 33.0313472747803 33.1608898639679 33.281068444252 33.3985298871994 33.4494737386703 33.3829153776169 33.3404533863068 33.4963332414627 33.6192417144775 33.666515827179 33.5775847434998 33.567924618721 33.7202647924423 33.801606297493 33.8819479942322 33.947692155838 34.0528388023376 34.0819858312607 34.1091330051422 34.2462804317474 34.3074288368225 34.3745752573013 34.4087228775024 34.3578699827194 34.3760182857513 34.4111646413803 34.4663124084473 34.5275640487671 34.4309169054031 34.3452713489532 34.4496272802353 34.4569811820984 34.5403356552124 34.441690325737 34.3490463495255 34.2684019804001 34.2207560539246 34.2491110563278 34.2234658002853 34.2006207704544 34.2875746488571 34.3575321435928
32.4086447954178 32.5043536424637 32.5773124694824 32.6370213031769 32.7067295312881 32.733938574791 32.8268980979919 32.9898548126221 33.1455649137497 33.2641222476959 33.3781898021698 33.4637709856033 33.3738511800766 33.3369338512421 33.4562648534775 33.6312716007233 33.7302212715149 33.7343230247498 33.7333923578262 33.8334599733353 33.9185290336609 33.8935977220535 33.9342129230499 34.0423744916916 34.2255367040634 34.2536979913712 34.2528611421585 34.2670226097107 34.3881833553314 34.4773451089859 34.4635080099106 34.3546687364578 34.2418304681778 34.2049920558929 34.3603582382202 34.4839260578156 34.4914951324463 34.4910633563995 34.5086327791214 34.5282007455826 34.3877708911896 34.4773387908936 34.5189074277878 34.480476140976 34.4200460910797 34.2466139793396 34.1678668260574 34.3227980136871 34.4017312526703
32.4042428731918 32.4496179819107 32.4552414417267 32.5041162967682 32.5677417516708 32.5841166973114 32.7377403974533 32.947615146637 33.0829894542694 33.1931768655777 33.3067135810852 33.3355680704117 33.1930378675461 33.1280082464218 33.3436071872711 33.4845510721207 33.5849266052246 33.6770602464676 33.7408571243286 33.853653550148 33.9744492769241 34.077247262001 34.1827340126038 34.1929094791412 34.2680867910385 34.2422627210617 34.1554390192032 34.0966150760651 34.1627902984619 34.1849669218063 34.233144402504 34.2553197145462 34.2634960412979 34.3106713294983 34.3951513767242 34.4879349470139 34.4907183647156 34.4475013017654 34.5292826890945 34.4470664262772 34.2998495101929 34.3816331624985 34.4384162425995 34.4661982059479 34.4439812898636 34.4937653541565 34.5201110839844 34.549020409584 34.5579303503036
32.3013417720795 32.3113820552826 32.2271734476089 32.3357131481171 32.4392532110214 32.4840445518494 32.6828329563141 32.8846244812012 33.0221656560898 33.1784563064575 33.284551858902 33.2413672208786 33.1114741563797 33.1638321876526 33.2174404859543 33.34829890728 33.6056329011917 33.726797580719 33.6933225393295 33.7138472795486 33.9733724594116 34.1658982038498 34.1932548284531 34.1134452819824 34.1636364459991 34.1738275289536 34.2330181598663 34.2682100534439 34.1663994789124 34.0715892314911 34.1767810583115 34.3039718866348 34.3831630945206 34.4923522472382 34.5509459972382 34.5529437065125 34.4339407682419 34.395937204361 34.4339339733124 34.4189330339432 34.3099291324615 34.3379266262054 34.3659236431122 34.2749208211899 34.2549175024033 34.4239143133163 34.6073565483093 34.6262434720993 34.589129447937
32.2244409322739 32.2113955020905 32.1723521947861 32.2728093862534 32.4567645788193 32.5617208480835 32.654464840889 32.8387385606766 32.9707624912262 33.1430364847183 33.294890165329 33.3496649265289 33.4009102582932 33.304656624794 33.2079033851624 33.3503993749619 33.6031452417374 33.7688164710999 33.8257894515991 33.8460414409637 33.9782936573029 34.0645463466644 34.0327750444412 34.057980298996 34.1771861314774 34.1123923063278 34.1395968198776 34.215802192688 34.1720068454742 34.2162120342255 34.4194182157516 34.4936232566833 34.5278286933899 34.6090321540833 34.6117401123047 34.5479527711868 34.4291633367538 34.3633741140366 34.3525848388672 34.4107972383499 34.4360080957413 34.4052200317383 34.4164309501648 34.3036419153214 34.3088532686234 34.4420646429062 34.5086024999619 34.4654661417007 34.3973286151886
32.1997897624969 32.1716610193253 32.2420320510864 32.1449052095413 32.1480269432068 32.421648979187 32.5857636928558 32.7362067699432 32.7568991184235 32.9295904636383 33.1879779100418 33.4099624156952 33.5080968141556 33.5439816713333 33.5258651971817 33.5515002012253 33.6351354122162 33.7205950021744 33.7072547674179 33.7202357053757 33.8532164096832 33.7701979875565 33.7602974176407 33.9575165510178 34.1237365007401 34.1839557886124 34.2481756210327 34.1673965454102 34.1626144647598 34.3398348093033 34.4670543670654 34.4442739486694 34.4724934101105 34.5417135953903 34.5445356369019 34.4979611635208 34.3683867454529 34.3398107290268 34.4092350006104 34.4366617202759 34.4810870885849 34.4225134849548 34.3949385881424 34.4273638725281 34.4467891454697 34.4252150058746 34.3138462305069 34.1756870746613 34.183809876442
32.1641384363174 32.1941757202148 32.1522130966187 32.0022503137589 31.9255385398865 32.0252029895782 32.2448135614395 32.5214239358902 32.4852846860886 32.7136466503143 33.1080666780472 33.3990099430084 33.4940333366394 33.5013053417206 33.5665781497955 33.5968511104584 33.6468739509583 33.6210411787033 33.7017203569412 33.8604295253754 33.8771381378174 33.765847325325 33.7218188047409 33.9880517721176 34.1582868099213 34.2675207853317 34.2467550039291 34.2529897689819 34.205225110054 34.22045814991 34.301691532135 34.3949258327484 34.4121593236923 34.438392996788 34.50333070755 34.5149704217911 34.4656091928482 34.4152487516403 34.3838883638382 34.332528591156 34.298166513443 34.2038053274155 34.1804456710815 34.2030857801437 34.2187252044678 34.1643636226654 34.0250930786133 34.0159096717834 34.1287271976471
32.0401344299316 31.9801889657974 31.7713935375214 31.690096616745 31.7350516319275 31.9168320894241 32.2171119451523 32.5906409025192 32.9091701507568 33.0624499320984 33.2521549463272 33.4223073720932 33.5002194643021 33.4941297769547 33.5767909288406 33.6712023019791 33.7098580598831 33.7231914997101 33.7292739152908 33.8386235237122 33.8730610609055 33.8384983539581 33.8773398399353 33.9925870895386 33.9478361606598 34.0280858278275 34.1173341274261 34.1965824365616 34.2198308706284 34.2020801305771 34.2923288345337 34.3115775585175 34.3608257770538 34.4790734052658 34.5241260528564 34.5799782276154 34.5388315916061 34.4596856832504 34.4275379180908 34.3923931121826 34.3352470397949 34.3481007814407 34.289953827858 34.2578073740005 34.2066607475281 34.0485134124756 33.8983385562897 33.9041312932968 34.0159257650375
32.0023344755173 32.0089540481567 31.9323239326477 31.8006935119629 31.865763425827 32.1489622592926 32.4516599178314 32.7878583669662 33.0545569658279 33.218005657196 33.3014923334122 33.2078547477722 33.3546546697617 33.5092046260834 33.5447542667389 33.5985543727875 33.7281023263931 33.7848420143127 33.7878321409225 33.7983222007751 33.8841590881348 33.8281466960907 33.7578613758087 34.0281232595444 34.127387046814 34.1866493225098 34.2179125547409 34.2481768131256 34.2744386196136 34.2157022953033 34.1609659194946 34.2682284116745 34.4174919128418 34.4177541732788 34.353918671608 34.3629875183105 34.352055311203 34.3151232004166 34.4281893968582 34.517257809639 34.4373260736465 34.2663931846619 34.1844613552094 34.200528383255 34.1905956268311 34.0706641674042 33.9986733198166 34.12697660923 34.2090740203857
32.0704345703125 32.1192191839218 32.1395030021667 32.0285392999649 32.0757246017456 32.2205914258957 32.4242092370987 32.7383254766464 32.9344421625137 33.1150591373444 33.1788297891617 33.1332569122314 33.2758406400681 33.4775285720825 33.4439671039581 33.3589044809341 33.5705958604813 33.787726521492 33.8121407032013 33.7930371761322 33.8167922496796 33.7977958917618 33.9063835144043 34.063658952713 34.1669374704361 34.2652150392532 34.3174929618835 34.2107683420181 34.1940462589264 34.2553249597549 34.2406003475189 34.3078793287277 34.4151564836502 34.404434800148 34.3037134408951 34.2909954786301 34.2522768974304 34.3505592346191 34.4108414649963 34.4371225833893 34.4204055070877 34.2396867275238 34.0999681949615 34.1432495117188 34.2915320396423 34.289109826088 34.255356669426 34.2702786922455 34.2044498920441
32.3707101345062 32.4543434381485 32.4106637239456 32.2832341194153 32.3235541582108 32.4371246099472 32.4199448823929 32.5712659358978 32.8755861520767 32.9911558628082 33.1079394817352 33.0984380245209 33.136415719986 33.379577755928 33.4692431688309 33.4129074811935 33.5489517450333 33.6718709468842 33.6945688724518 33.6966989040375 33.5688277482986 33.6434013843536 33.8207881450653 33.9538320302963 34.0248780250549 34.1739256381989 34.2239710092545 34.1520171165466 34.2060624361038 34.3081078529358 34.2611538171768 34.1932003498077 34.2512468099594 34.3222942352295 34.3425806760788 34.4181091785431 34.3856377601624 34.3411684036255 34.2526969909668 34.1782269477844 34.2107547521591 34.2502856254578 34.1478145122528 34.0853425264359 34.2498732805252 34.4310936927795 34.4458254575729 34.4186128377914 34.3501505851746
32.4111236333847 32.4971392154694 32.5573869943619 32.5751940011978 32.6605023145676 32.7245608568192 32.6781188249588 32.6759277582169 32.8669865131378 33.0727933645248 33.2430683374405 33.2905631065369 33.4213751554489 33.5151038169861 33.5938320159912 33.5810630321503 33.6994206905365 33.5772250890732 33.3982321023941 33.4322307109833 33.4042993783951 33.4479607343674 33.5750776529312 33.8876446485519 34.1092132329941 34.1767822504044 34.1913506984711 34.2079186439514 34.2994879484177 34.3360551595688 34.3476258516312 34.2581930160522 34.2197607755661 34.2043296098709 34.3015195131302 34.358328461647 34.2841383218765 34.2509492635727 34.144758939743 34.0395693778992 34.0393785238266 34.1551893949509 34.2609989643097 34.1601566076279 34.1092114448547 34.2919045686722 34.4836893081665 34.4305562973022 34.3681769371033
32.2620497941971 32.3793317079544 32.5621136426926 32.6743952035904 32.6642019748688 32.7547482252121 32.9607933759689 33.0183395147324 33.01038646698 33.189931511879 33.2781988382339 33.3867911100388 33.581834435463 33.6271290779114 33.6366730928421 33.6939673423767 33.813139796257 33.5863295793533 33.322145819664 33.3395146131516 33.3621335029602 33.4395211935043 33.6203665733337 33.9024569988251 34.0815470218658 34.1796383857727 34.142729640007 34.1818207502365 34.2679126262665 34.4010034799576 34.4580945968628 34.2621849775314 34.2082761526108 34.1983667612076 34.2394595146179 34.2185490131378 34.1516407728195 34.1507301330566 34.0878217220306 34.0849118232727 34.0640003681183 34.0020931959152 34.0161834955215 33.9423421621323 33.8950834274292 34.0826627016068 34.3060526847839 34.32175385952 34.3437031507492
32.3762278556824 32.5062745809555 32.6083216667175 32.6323685646057 32.5701512098312 32.6614353656769 33.0039687156677 33.215500831604 33.1837842464447 33.2210692167282 33.2648286819458 33.2769370079041 33.3592966794968 33.4826564788818 33.5682634115219 33.6508719921112 33.7802315950394 33.718683719635 33.5298107862473 33.5580487251282 33.6835460662842 33.7770816087723 33.8876551389694 34.0622676610947 34.1538807153702 34.2344951629639 34.2281085252762 34.2967231273651 34.3433375358582 34.4439499378204 34.4325642585754 34.2911779880524 34.2727910280228 34.2224040031433 34.204398393631 34.1987690925598 34.059140920639 34.0095123052597 34.0238827466965 34.0482549667358 33.9956252574921 33.8747624158859 33.8693935871124 33.9175264835358 33.9214607477188 33.9676722288132 34.1081677675247 34.1359490156174 34.1739785671234
