data/past_env/bio7_avg_1994_2009.asc
NCOLS 664 
NROWS 380 
XLLCORNER 3.91666666666667 
YLLCORNER 55.3333333333333 
CELLSIZE 0.0416666666666667 
NODATA_value -9999 
[rows 22 to 43 of 380, columns 490 to 538 of 664]
31.3241978883743 31.2730555534363 31.2504993677139 31.2038991451263 31.1777991056442 31.1526995897293 31.0161002874374 30.8625003099442 30.845400929451 30.8982999324799 30.8936222791672 30.869865655899 30.7776330709457 30.6123141050339 30.3910357952118 29.7612112760544 28.817982673645 -9999 27.1775159835815 27.1086901426315 27.5787175893784 28.1855676174164 28.541069984436 -9999 -9999 29.2936000823975 29.7851430177689 30.4346302747726 30.6951268911362 30.7047002315521 30.8413702249527 30.9505391120911 30.6477080583572 30.4978784322739 30.5305345058441 30.8306369781494 31.2232856750488 31.0513151884079 30.8373444080353 30.9308744668961 30.8319034576416 30.5804328918457 30.6834623813629 31.0334918498993 31.2900207042694 31.2920507192612 31.2910542488098 31.1645333766937 31.0710117816925
31.556018948555 31.496622800827 31.5397257804871 31.5303286314011 31.4939326047897 31.4860354661942 31.3961383104324 31.2117416858673 31.1563453674316 31.2094488143921 31.2872697114944 31.3829379081726 31.3789274692535 31.1833217144012 30.9979885816574 -9999 30.1105914115906 -9999 29.2292144298553 -9999 -9999 -9999 29.6665779352188 29.7158811092377 30.0727920532227 30.1430622339249 30.4818054437637 30.9070496559143 31.1337941884995 31.08453810215 31.1762815713882 31.1925255060196 31.0787699222565 31.113013625145 31.1338332891464 31.2217268943787 31.6851214170456 31.5655153989792 31.1924086809158 30.9693024158478 30.8991968631744 31.1545906066895 30.9749853610992 31.2558789253235 30.9852727651596 30.720166683197 30.7543663978577 30.6413704156876 30.5550181865692
32.1813398599625 32.0586451292038 32.0839515924454 32.1847586631775 32.147065281868 31.9593710899353 31.727177977562 31.6064842939377 31.6507904529572 31.6728732585907 31.7437280416489 31.8119512796402 31.7517466545105 31.5181807279587 31.3806236982346 30.8260859251022 30.3940298557281 30.2291289567947 29.8645361661911 30.1097875833511 -9999 29.7692642211914 30.1177164316177 30.5829639434814 31.0232828855515 31.1636011600494 31.180419921875 31.2837384939194 31.4130566120148 31.6138756275177 31.6876940727234 31.7460135221481 31.6798317432404 31.7011501789093 31.8869390487671 32.0176969766617 32.0224560499191 31.7657144069672 31.4889736175537 31.1482319831848 31.206990480423 31.4772491455078 31.4250074625015 31.7257668972015 31.4310923814774 30.4677828550339 29.7074307203293 30.091845035553 30.9914802312851
32.6401017904282 32.4926692247391 32.427677989006 32.2276881933212 32.0536983013153 31.9467077255249 31.9262157678604 31.9412266016006 31.8332356214523 31.9397455453873 31.8630633354187 31.7361894845963 31.633315205574 31.6100937128067 31.56458735466 30.6445200443268 30.9048742055893 30.949672460556 30.2274602651596 -9999 30.6973466873169 30.7713077068329 30.7939602136612 31.4128530025482 31.6962471008301 31.7726401090622 31.8685339689255 31.9094270467758 32.0933200120926 32.1712130308151 32.2271066904068 32.2904999256134 32.4038927555084 32.6549292802811 32.5627621412277 32.2001676559448 31.9932904243469 31.7644143104553 31.6050374507904 31.7147334814072 31.9487774372101 32.0548212528229 32.2381162643433 31.8979096412659 31.5092046260834 30.5902584791183 29.3582117557526 29.0780645608902 30.0842084884644
32.8384799957275 32.4981923103333 32.3124053478241 32.1951179504395 32.1393308639526 32.1720435619354 32.2022559642792 32.1369684934616 32.102180480957 32.010893702507 32.0582097768784 31.9546308517456 31.9105505943298 32.032773733139 32.015523314476 31.9926789999008 32.0614206790924 31.828736782074 32.0262889862061 32.0508887767792 31.6938271522522 31.664332151413 32.0757747888565 32.3322424888611 32.2927112579346 32.1831792593002 32.2511470317841 32.3526155948639 32.4545830488205 32.5635509490967 32.6950200796127 32.9025104045868 33.1731989383698 33.2294034957886 32.9868929386139 32.8108404874802 32.627920627594 32.3411138057709 32.2663322687149 32.3886623382568 32.5674937963486 32.7015740871429 32.5351543426514 32.3657351732254 31.9275656938553 31.1144136190414 30.111501455307 29.8204642534256 30.8050087690353
33.1363003253937 32.8477162122726 32.42163169384 31.6695469617844 31.3364635705948 31.6268789768219 32.0612952709198 31.9812099933624 32.0231268405914 32.1665416955948 32.4923565387726 32.6625711917877 32.5912855863571 32.5982041358948 32.6561357975006 32.7023149728775 32.6849958896637 32.6499252319336 32.7248556613922 32.7997875213623 32.8652169704437 33.0103967189789 32.7275251150131 32.3001331090927 32.298175573349 32.5052185058594 32.9870686531067 33.2631419897079 33.2624658346176 33.0785394906998 32.8674310445786 33.1979123353958 33.6911867856979 33.4156225919724 33.1102565526962 33.117124080658 32.914990901947 32.5208141803741 32.332664847374 32.2863416671753 32.4609594345093 32.7253272533417 32.7914434671402 32.7368111610413 32.2814275026321 31.4755454063416 31.3952560424805 31.6515609025955 32.0108654499054
33.4051203727722 33.2497389316559 32.9983578920364 32.2679769992828 31.5325955152512 31.6432145833969 32.031333565712 32.0844521522522 32.2765712738037 32.4576904773712 32.4810030460358 32.9286404848099 32.9731162786484 33.0518424510956 33.2077119350433 33.2041989564896 33.2322708368301 33.2877452373505 33.2987214326859 33.5111476182938 33.6651338338852 33.7841215133667 33.4698988199234 32.6140228509903 32.8609465360641 32.8117572069168 32.8638751506805 33.5060573816299 33.6620706319809 33.2928200960159 33.5555754899979 33.9139099121094 33.9744384288788 33.7474694252014 33.315434217453 32.9916578531265 32.7437968254089 32.326514005661 32.0282307863235 32.0054471492767 32.4226644039154 32.7666573524475 32.6479833126068 32.0551365613937 32.2187905311584 32.7938570976257 32.7889354228973 33.1568545103073 33.6807283163071
33.7869403362274 33.546763420105 33.0975865125656 33.0424064397812 33.0427287817001 32.8360505104065 33.0453721284866 33.0156948566437 32.7540172338486 32.5013389587402 32.4256511926651 32.9701883792877 32.8827090263367 33.4269798994064 33.6789808273315 33.6813499927521 33.6647216081619 33.8200919628143 33.9589619636536 34.0193326473236 33.8332036733627 33.8840752840042 33.9693871736526 33.9021401405334 33.3367202281952 32.7292969226837 33.3220940828323 34.2411353588104 34.0614460706711 34.0762574672699 34.4498184919357 34.5806294679642 34.2121896743774 34.1182514429092 33.8038294315338 33.2994426488876 33.0993818044662 33.4185794591904 33.1180802583694 32.8679521083832 32.6043921709061 33.4319097995758 33.4289588928223 33.2635824680328 33.6850596666336 33.9723603725433 34.2566102743149 34.6350599527359 35.0205112695694
34.4389851093292 34.3555139303207 34.1895434856415 34.1423225402832 33.9058617353439 33.3373872041702 33.4614109992981 33.2299370765686 32.5179620981216 32.037487745285 32.3927975893021 33.1622354984283 33.0333013534546 33.8999929428101 34.1797481775284 34.2840031385422 34.3392571210861 34.3650116920471 34.360266327858 34.2735204696655 33.5523352622986 33.2656526565552 33.7733973264694 34.3686144351959 34.1712731122971 34.4715474843979 34.9273895025253 35.2679818868637 35.4993243217468 35.2959170341492 35.2885078191757 35.0426000356674 34.7874422073364 34.4247848987579 34.1799516677856 34.2411931753159 34.2514332532883 34.294175028801 34.1496661901474 34.3079062700272 34.4133976697922 34.5236402750015 34.7013812065125 34.8043715953827 34.913613319397 35.0073553323746 35.0514895915985 35.217515707016 35.238293170929
34.7654629945755 34.6726630926132 34.7173624038696 34.7478127479553 34.5322630405426 34.2392134666443 33.7134120464325 33.1151801347733 32.8264063596725 33.1076356172562 33.7141706943512 33.5477818250656 33.8268948793411 34.5513782501221 34.6850166320801 34.8136546611786 35.0282925367355 35.0504324436188 35.0154247283936 34.9984881877899 34.8600531816483 34.8928133249283 35.0344616174698 35.1585842370987 35.4972077608109 35.7788299322128 36.019703745842 36.1843271255493 36.1584516763687 36.0570744276047 35.7946968078613 35.7548213005066 35.6921941041946 35.5015668869019 35.1360950469971 34.7902767658234 35.0302095413208 35.213142156601 35.2573236227036 35.3025065660477 35.2974387407303 35.1201211214066 35.1340537071228 35.2339856624603 35.2771681547165 35.388599395752 35.2956168651581 35.7054712772369 35.9823243618011
35.5761893987656 35.4453109502792 35.3561828136444 35.0100536346436 34.4986757040024 34.1112971305847 34.3606684207916 34.6725398302078 34.7494118213654 34.7715320587158 34.8104220628738 34.6923294067383 34.8852424621582 35.1667636632919 35.4272861480713 35.5233063697815 35.5863275527954 35.7058552503586 35.8505977392197 36.0284333229065 36.0418491363525 36.2012579441071 36.3402618169785 36.2778259515762 36.2567100524902 36.5073634386063 36.7075185775757 36.8019275665283 36.7839583158493 36.6774821281433 36.4866361618042 36.4080406427383 36.4124460220337 36.1785995960236 36.1827391386032 36.123612165451 36.1857361793518 36.3921084403992 36.5194813013077 36.287105679512 36.1607282161713 36.021352648735 35.8111106157303 35.8918372392654 36.1770651340485 36.6329479217529 36.1561158895493 36.1152819395065 35.8009493350983
36.20374584198 36.0827186107635 36.0021899938583 35.8557953834534 35.7015875577927 35.5551302433014 35.4091733694077 35.3082151412964 35.2005088329315 35.2308015823364 35.3276740312576 35.4663369655609 35.6932419538498 35.7476482391357 35.7880522012711 35.9384566545486 36.2203636169434 36.4078520536423 36.5070227384567 36.6363686323166 36.6592849493027 36.74920129776 36.7700501680374 36.9972800016403 37.1606686115265 37.1575855016708 37.0868968963623 37.0859529972076 37.1170086860657 37.2114584445953 37.2730973958969 37.2242374420166 37.1623755693436 36.9383823871613 36.8901335000992 36.8504472970963 36.8507608175278 36.9815162420273 37.1187118291855 36.9506568908691 36.8825993537903 36.8660451173782 36.8364903926849 36.9076836109161 37.1696102619171 37.1290020942688 36.7535880804062 36.6832336187363 36.6519566774368
36.4309027194977 36.4029407501221 36.4118590354919 36.2295160293579 35.8865548372269 35.6395922899246 35.551381111145 35.6191689968109 35.7174570560455 35.7724940776825 35.8188583850861 35.8490899801254 36.0043222904205 36.2100532054901 36.3507848978043 36.5945177078247 36.7696335315704 36.7421391010284 36.8338948488235 37.0671224594116 37.2652541399002 37.2053860425949 37.2315222024918 37.1888468265533 37.3563169240952 37.6144289970398 37.6607902050018 37.5916582345963 37.631413936615 37.8456673622131 37.9876725673676 37.8021787405014 37.5634326934814 37.3681869506836 37.2955341339111 37.3299728631973 37.3674114942551 37.1938507556915 37.2215391397476 37.4992274045944 37.3761659860611 37.3476289510727 37.3238099813461 37.02223944664 36.882919549942 37.0094217061996 37.1070067882538 37.0632319450378 36.9045120477676
36.5778112411499 36.7128812074661 36.6029525995255 36.4064701795578 36.323077082634 36.2656835317612 36.2887330055237 36.3433036804199 36.4403741359711 36.4399429559708 36.3109782934189 36.3014804124832 36.3904805183411 36.4489818811417 36.5769829750061 36.8544838428497 37.1224681138992 37.2812181711197 37.3959673643112 37.6221987009048 37.6984226703644 37.6588032245636 37.7201429605484 37.6036167144775 37.7190886735916 37.9890649318695 38.360037446022 38.4337600469589 38.2567039728165 38.1687333583832 38.2835103273392 38.3600388765335 38.2245664596558 38.0495954751968 37.8104546070099 37.9208978414536 37.7603381872177 37.7475289106369 37.7674714326859 37.309913277626 37.1781046390533 37.1137219667435 37.1411519050598 37.154580116272 36.794970870018 36.5612546205521 36.7899399995804 36.7190291881561 36.3553696870804
36.7547000646591 37.0181225538254 37.153046131134 37.2149679660797 37.2783906459808 37.2505570650101 37.1932327747345 37.1846580505371 37.1668363809586 37.0940124988556 36.900598526001 36.775869846344 36.7181404829025 36.6484104394913 36.7751809358597 36.9368113279343 37.2770547866821 37.633548617363 37.8232840299606 38.0578765869141 38.1533470153809 38.2006031274796 38.1884423494339 38.1514866352081 37.9515382051468 38.0970908403397 38.6613928079605 38.8656933307648 38.5799955129623 38.233048081398 38.1443485021591 38.3166500329971 38.6592028141022 38.6812536716461 38.6456272602081 38.1355712413788 37.6552656888962 37.8554592132568 37.9121531248093 37.5135976076126 37.3093824386597 37.4735630750656 37.4129934310913 37.2692598104477 37.1245468854904 36.9078358411789 36.7316776514053 36.7043266296387 36.6932249069214
37.3540866374969 37.5968618392944 37.6976387500763 37.7189129590988 37.6511881351471 37.6205970048904 37.488515496254 37.4491838216782 37.3838542699814 37.3330240249634 37.200227022171 37.1819621324539 37.1794458627701 37.2389339208603 37.3621705770493 37.5061556100845 37.7291417121887 37.9026275873184 38.0430217981339 38.2775311470032 38.4178460836411 38.514315366745 38.521085858345 38.6334122419357 38.6394854784012 38.7430605888367 38.9941368103027 39.2834625244141 39.1695380210876 39.0586123466492 38.9799370765686 38.9037630558014 39.1160869598389 39.090912103653 39.1250479221344 38.5842447280884 38.0424424409866 37.897935628891 38.2770853042603 38.3467803001404 37.8409759998322 37.8631536960602 37.8248341083527 37.8165135383606 37.7566932439804 37.6944178342819 37.5861663818359 37.4803729057312 37.1283308267593
37.8269760608673 37.9781036376953 38.0057303905487 37.970858335495 37.8704867362976 37.7626137733459 37.7502982616425 37.7997102737427 37.742872595787 37.6437826156616 37.6311033964157 37.6360824108124 37.6710633039474 37.7392917871475 37.8875213861465 38.1100016832352 38.2807550430298 38.3951163291931 38.4884794950485 38.6322013139725 38.704595208168 38.6554906368256 38.7922358512878 38.8435859680176 38.9439346790314 38.8747820854187 39.0668802261353 39.0919799804688 38.9548270702362 38.8701767921448 38.9270257949829 39.150374174118 39.1732215881348 39.1955699920654 39.2422208786011 39.2546679973602 39.059118270874 38.848316192627 38.4852660894394 38.1821373701096 38.2765655517578 38.0999958515167 38.0171743631363 38.0443533658981 38.2195338010788 38.2574628591537 38.2616894245148 38.2242125272751 38.027908205986
38.1608633995056 38.2528433799744 38.1993224620819 38.1693029403687 38.1472816467285 38.081426858902 38.0650796890259 38.1189856529236 38.0826396942139 38.0875446796417 38.0662710666656 38.1149547100067 38.1884273290634 38.2566487789154 38.4118255376816 38.5387922525406 38.6540081501007 38.6652237176895 38.8604519367218 39.0302720069885 39.0980937480927 39.219664812088 39.2071368694305 39.035758972168 39.1956305503845 39.5265030860901 39.5748760700226 39.2082469463348 39.3316185474396 39.3777418136597 39.4056141376495 39.5374848842621 39.5123579502106 39.4409096240997 39.4130842685699 39.4585120677948 39.5321910381317 38.9947474002838 38.6996994018555 38.3519790172577 38.0991584062576 38.1188372373581 38.1625152826309 38.4349455833435 38.5628739595413 38.5405516624451 38.3321785926819 38.2565011978149 38.1225457191467
38.4792275428772 38.4893760681152 38.3747735023499 38.2267491817474 38.2020807266235 38.2447140216827 38.3128623962402 38.4285106658936 38.4561567306519 38.5430536270142 38.5918211936951 38.5641295909882 38.5276293754578 38.5020396709442 38.7646210193634 38.9276916980743 38.8982601165771 38.8085992336273 38.7538477182388 39.0165958404541 39.5935928821564 39.8218412399292 39.70303606987 39.5926840305328 39.6538281440735 39.9932236671448 40.5006210803986 40.5870161056519 40.8251602649689 40.5128061771393 39.78520154953 39.5923466682434 39.3829920291901 39.5162391662598 39.5306768417358 39.6573569774628 39.5890338420868 38.9654631614685 38.6636415719986 38.4738216400146 38.2782490253448 38.30792760849 38.4728560447693 38.5182856321335 38.4337155818939 38.3823928833008 38.2641681432724 37.9700175523758 37.9036508798599
38.8242783546448 38.8184430599213 38.8723337650299 38.7489745616913 38.6311130523682 38.7137548923492 38.9153945446014 39.0149037837982 38.9961016178131 39.0670483112335 39.062863111496 39.1820600032806 39.1877584457397 39.1804971694946 39.235360622406 39.4329702854156 39.5236437320709 39.4250681400299 39.2402431964874 39.6891679763794 39.9617989063263 40.1593415737152 40.2589385509491 40.2728562355042 40.5415270328522 40.6201956272125 40.5907719135284 40.5879929065704 40.8469634056091 41.0121855735779 40.6191575527191 40.4532086849213 40.3341267108917 40.2925465106964 40.2312331199646 40.1079409122467 39.1801476478577 38.5555565357208 38.3172360658646 37.9661647081375 37.8235930204391 38.1497696638107 38.4819476604462 38.504378080368 38.5255576372147 38.5197352170944 38.451159119606 38.2900788784027 38.076008439064
39.1912379264832 39.2268004417419 39.4106171131134 39.4021811485291 39.2832477092743 39.2245614528656 39.4903767108917 39.5914905071259 39.4201157093048 39.2239911556244 39.1936173439026 39.2771553993225 39.2777669429779 39.3111627101898 39.2852370738983 39.3330872058868 39.534435749054 39.6557879447937 39.7930915355682 40.1210234165192 39.933206319809 39.6525421142578 39.7559435367584 40.1416907310486 40.444436788559 39.9746830463409 39.9689300060272 39.8331756591797 39.887921333313 40.0764179229736 40.1164138317108 40.2620687484741 40.3099081516266 40.2351524829865 40.2064037322998 40.1811153888702 39.8015739917755 39.4426481723785 39.2325780391693 39.0390069484711 38.8496837615967 38.8678629398346 38.9642901420593 38.9677183628082 38.8173969984055 38.6730731725693 38.6141506433487 38.6498678922653 38.6295892000198
39.3104450702667 39.4878792762756 39.6060619354248 39.7357447147369 39.728179693222 39.7613632678986 39.8359937667847 39.8307359218597 39.5604786872864 39.3797211647034 39.4557273387909 39.5544579029083 39.5739045143127 39.5505998134613 39.5861759185791 39.7592034339905 39.9989011287689 40.1779792308807 40.2546486854553 40.4120690822601 40.1144869327545 39.8616569042206 39.816002368927 39.9807732105255 39.9352941513062 39.9320652484894 40.1501026153564 39.9803190231323 39.9077851772308 40.2207508087158 40.2827155590057 40.4076912403107 40.3669633865356 40.1987335681915 40.2144582271576 39.8748867511749 39.6338150501251 39.7024903297424 39.5829207897186 39.4918475151062 39.4125263690948 39.3009536266327 39.316132068634 39.2558088302612 39.1244874000549 39.0354158878326 38.9886391162872 38.9009075164795 38.8371779918671
