data/past_env/bio7_avg_1994_2009.asc
NCOLS 664 
NROWS 380 
XLLCORNER 3.91666666666667 
YLLCORNER 55.3333333333333 
CELLSIZE 0.0416666666666667 
NODATA_value -9999 
[rows 242 to 263 of 380, columns 539 to 587 of 664]
36.1988641023636 36.241557598114 36.3107526302338 36.1944454908371 36.2291378974915 36.2563331127167 36.2125253677368 36.2502205371857 36.3439130783081 36.3656748533249 36.3690022230148 36.3773305416107 36.3586587905884 36.3364864587784 36.2093145847321 36.1806428432465 36.1149715185165 36.0862983465195 35.9421273469925 35.8269548416138 35.8677823543549 35.8743168115616 35.9405559301376 35.9107948541641 35.8660362958908 35.8177756071091 35.8038631677628 35.8546116352081 35.8181092739105 35.8623592853546 35.8741071224213 35.8367136716843 35.7939528226852 35.7418880462646 35.7350188493729 35.768147110939 35.7597749233246 35.8209046125412 35.8882275819778 35.9027732610703 35.9908174276352 36.0969232320786 36.1215529441833 36.406681895256 36.4778116941452 36.4981808662415 36.4862895011902 36.544399023056 36.5789836645126
36.3243768215179 36.2688034772873 36.1572443246841 36.0516396760941 36.1993817090988 36.4816250801086 36.508868098259 36.525111913681 36.5698537826538 36.5540895462036 36.4808208942413 36.3825500011444 36.2787792682648 36.2135100364685 36.1502389907837 36.0949690341949 36.0841975212097 35.995928645134 35.8836579322815 35.7638874053955 35.78861784935 35.830979347229 35.9029772281647 35.8219736814499 35.7699712514877 35.7414664030075 35.7009633779526 35.7029609680176 35.6984561681747 35.6929532289505 35.6664488315582 35.647446513176 35.6234439611435 35.5863299369812 35.5411067008972 35.6738831996918 35.7481601238251 35.8397310972214 35.9591886997223 36.0603957176208 36.1896028518677 36.2438108921051 36.3053221702576 36.5200982093811 36.5246801376343 36.4612184762955 36.3935859203339 36.455704331398 36.5330709218979
36.2524706125259 36.2148628234863 36.3502550125122 36.2678344249725 36.3156263828278 36.4809193611145 36.5277107954025 36.4595025777817 36.4652938842773 36.3925071954727 36.2861360311508 36.2717685699463 36.3174005746841 36.235032081604 36.0701634883881 36.079794883728 36.0074256658554 35.9265576601028 35.8586877584457 35.7953205108643 35.8149509429932 35.7581430673599 35.7493963241577 35.7361512184143 35.6684044599533 35.6686580181122 35.6709109544754 35.6026649475098 35.5429182052612 35.5841708183289 35.4869253635406 35.4441782236099 35.4909328222275 35.4952716827393 35.4116958379745 35.5616213083267 35.765659570694 35.8740296363831 35.961149930954 36.1322680711746 36.2216367721558 36.2972571849823 36.3171252012253 36.3077450990677 36.3173645734787 36.3764582872391 36.363025188446 36.4120917320251 36.47915828228
36.2915786504745 36.3329218626022 36.4936891794205 36.5100300312042 36.4998708963394 36.5202120542526 36.5560534000397 36.5078945159912 36.4902362823486 36.4714225530624 36.4119546413422 36.3594889640808 36.3130217790604 36.2715535163879 36.1870872974396 36.1166208982468 35.9961537122726 35.9256864786148 35.8677188158035 35.8177515268326 35.7614967823029 35.6632633209229 35.6271160840988 35.6494666337967 35.6168376207352 35.5718485116959 35.5528593063354 35.4883699417114 35.4868807792664 35.5258907079697 35.4764024019241 35.4979125261307 35.6099219322205 35.7327128648758 35.7112848758698 35.7337650060654 35.7632972002029 35.8173277378082 35.9003593921661 35.9983904361725 36.0476726293564 36.0959531068802 36.0599839687347 36.0472660064697 36.1265476942062 36.2699458599091 36.2944624423981 36.3352289199829 36.4277451038361
36.4016854763031 36.2851713895798 36.3293348550797 36.374724149704 36.4496154785156 36.5910049676895 36.6413941383362 36.6972860097885 36.6231776475906 36.5798380374908 36.5312740802765 36.4832081794739 36.5036427974701 36.5045763254166 36.3060109615326 36.1274460554123 35.9788806438446 35.9838154315948 35.9547493457794 35.8936847448349 35.76993060112 35.6598124504089 35.5987377166748 35.5000060796738 35.4702732563019 35.4955394268036 35.497808098793 35.4800746440887 35.575341463089 35.5731097459793 35.5688765048981 35.6451436281204 35.7139115333557 35.7891548871994 35.7860472202301 35.7079893350601 35.6309332847595 35.723126411438 35.8735703229904 35.9257642030716 35.9452068805695 36.0186505317688 36.0555943250656 36.1010376214981 36.0789806842804 36.1246848106384 36.2441513538361 36.3033661842346 36.2640804052353
36.4691016674042 36.4540402889252 36.4014801979065 36.4364191293716 36.5473581552505 36.6597974300385 36.7627376317978 36.9241765737534 36.9811173677444 36.8422546386719 36.7145916223526 36.7289270162582 36.7697637081146 36.7435990571976 36.3754358291626 36.2012705802917 36.1341083049774 36.0279438495636 35.9157801866531 35.7636165618896 35.6494524478912 35.5196343660355 35.5506583452225 35.4326821565628 35.3562064170837 35.403230547905 35.4172557592392 35.4727785587311 35.5623035430908 35.5228276252747 35.6033514738083 35.6863758563995 35.6174901723862 35.6262531280518 35.6261090040207 35.6329628229141 35.6470692157745 35.7201753854752 35.8162800073624 35.8701364994049 35.877991437912 35.9773471355438 36.0172028541565 36.0628079175949 36.0589133501053 36.1301739215851 36.1643377542496 36.0972526073456 36.0226668119431
36.6206494569778 36.6426364183426 36.6417520046234 36.7082796096802 36.7745561599731 36.7843322753906 36.7706096172333 36.8831368684769 36.9749130010605 36.8810997009277 36.7994468212128 36.7121473550797 36.5813852548599 36.5006219148636 36.2403597831726 36.0080976486206 35.8913359642029 35.7950729131699 35.6848101615906 35.5545489788055 35.5222861766815 35.4032957553864 35.3656154870987 35.317320227623 35.2797758579254 35.280481338501 35.2847039699554 35.3749837875366 35.3957641124725 35.3765465021133 35.4623273611069 35.52521276474 35.5549169778824 35.5704026222229 35.5641715526581 35.5871884822845 35.6209565401077 35.6914732456207 35.7664912939072 35.8292595148087 35.8427754640579 35.8780429363251 35.9895607233047 35.98732817173 35.9733461141586 36.0001622438431 35.9490252733231 35.8575137853622 35.8734352588654
36.6099574565887 36.737125992775 36.7730457782745 36.7434644699097 36.757105588913 36.7320520877838 36.6574710607529 36.6921403408051 36.8313076496124 36.8800237178802 36.7965366840363 36.6228665113449 36.4230049848557 36.2596442699432 36.1127831935883 35.8919246196747 35.6635630130768 35.5242022275925 35.4458413124084 35.4304804801941 35.3591202497482 35.266409277916 35.2479976415634 35.2321175336838 35.2185739278793 35.2396124601364 35.2801508903503 35.3231877088547 35.3687264919281 35.3402637243271 35.3238656520844 35.2861043214798 35.3795946836472 35.4005529880524 35.4509834051132 35.543163061142 35.5925931930542 35.6537724733353 35.7337025403976 35.7548822164536 35.7328096628189 35.7692410945892 35.7974201440811 35.8298487663269 35.8857787847519 35.8723998069763 35.8497143983841 35.8317763805389 35.808340549469
36.533921957016 36.6304463148117 36.6207185983658 36.5244934558868 36.5846065282822 36.5340405702591 36.5293135643005 36.5990941524506 36.8002560138702 36.8506143093109 36.76742374897 36.5252921581268 36.2879219055176 36.1171456575394 36.0428712368011 35.8795963525772 35.6523212194443 35.4290459156036 35.362770318985 35.4057599306107 35.2789191007614 35.2626593112946 35.2179793119431 35.2192975282669 35.2221169471741 35.277436375618 35.315255522728 35.3668261766434 35.4331455230713 35.3554641008377 35.2542945146561 35.2470706701279 35.3386228084564 35.3622002601624 35.4059377908707 35.4956738948822 35.516908288002 35.6016458272934 35.6763818264008 35.6001175642014 35.5463532209396 35.5935904979706 35.7033258676529 35.7475625276566 35.8567981719971 35.8857846260071 35.8271001577377 35.7921667098999 35.7309814691544
36.4301400184631 36.3806843757629 36.3587744235992 36.3141161203384 36.4554448127747 36.4429309368134 36.3551675081253 36.4489055871964 36.6096413135529 36.6604895591736 36.6173547506332 36.3297665119171 36.0319262742996 35.876128911972 35.7821230888367 35.7131162881851 35.5809133052826 35.2770707607269 35.2272295951843 35.3368866443634 35.2272964715958 35.1684094667435 35.0984790325165 35.1125484704971 35.2186173200607 35.2816871404648 35.2492564916611 35.256575345993 35.3616443872452 35.3344641923904 35.2797845602036 35.3566026687622 35.4471726417542 35.4462010860443 35.4504364728928 35.5201728343964 35.5429093837738 35.4816454648972 35.4833815097809 35.4901180267334 35.4863547086716 35.5770905017853 35.7863272428513 35.8605624437332 35.7797988653183 35.7383594512939 35.6552404165268 35.6276234388351 35.5310060977936
36.1730142831802 36.2549216747284 36.2808840274811 36.2028443813324 36.2441316843033 36.2110073566437 36.1269044876099 36.1672170162201 36.226527929306 36.2468632459641 36.2037234306335 35.9829887151718 35.7621929645538 35.5791112184525 35.4008727073669 35.3186364173889 35.3055438995361 35.0789489746094 35.0608938932419 35.1430143117905 35.1529108285904 35.0710370540619 35.0097289085388 35.0350466966629 35.100116610527 35.0839360952377 35.0797562599182 35.1359958648682 35.2487373352051 35.2874819040298 35.2642840147018 35.3496024608612 35.3981733322144 35.4032881259918 35.4134466648102 35.4951736927032 35.5099090337753 35.3631451129913 35.2478809356689 35.2821180820465 35.4198538064957 35.6055901050568 35.8173274993896 35.819562792778 35.6727976799011 35.5568189620972 35.4446235895157 35.3914275169373 35.4736912250519
36.0014337301254 36.0637582540512 36.0843089818954 35.9797570705414 35.8637062311172 35.8726538419724 35.9146040678024 35.9270526170731 35.8615021705627 35.7846938371658 35.7109687328339 35.5700815916061 35.281051158905 35.1832070350647 35.0251121520996 34.8940180540085 34.9083468914032 34.9555841684341 34.9883209466934 35.0850608348846 35.0882978439331 35.0005379915237 34.9317800998688 34.8990230560303 34.8977674245834 34.9490092992783 34.9472519159317 34.9619952440262 35.0537378787994 35.1219809055328 35.2015342712402 35.2618533372879 35.2714232206345 35.282288312912 35.3129886388779 35.2963578701019 35.2397675514221 35.2559261322021 35.3393805027008 35.2831177711487 35.2678540945053 35.4010896682739 35.539826631546 35.5375628471375 35.4892982244492 35.4395207166672 35.3833634853363 35.2383228540421 35.318142414093
35.7999264001846 35.7712814807892 35.6598870754242 35.4962558746338 35.3977806568146 35.5158029794693 35.6218266487122 35.618163228035 35.507270693779 35.3990488052368 35.3105013370514 35.1699540615082 34.9154537916183 34.7904210090637 34.7348853349686 34.6041127443314 34.5483194589615 34.6054092645645 34.7572498321533 34.8668746948242 34.7816824913025 34.7190374135971 34.7357801198959 34.772523522377 34.8257668018341 34.8505098819733 34.8707522153854 34.9059951305389 34.9982385635376 35.0024815797806 35.0752243995667 35.1919672489166 35.2109392881393 35.1191538572311 35.0424882173538 35.0082656145096 34.9680166244507 35.1439263820648 35.2313358783722 35.0414963960648 35.0689063072205 35.2050892114639 35.2283272743225 35.2567285299301 35.2664728164673 35.2656487226486 -9999 -9999 -9999
35.3708318471909 35.2965058088303 35.2409282922745 35.1568510532379 35.2220243215561 35.2571967840195 35.2161204814911 35.2200433015823 35.0899660587311 34.9576544761658 34.8201073408127 34.7090611457825 34.6662657260895 34.5577056407928 34.3191059827805 34.1836866140366 34.1996477842331 34.2514852285385 34.4586790800095 34.603374838829 34.3980679512024 34.2927252054214 34.4142529964447 34.4914793968201 34.5787669420242 34.7290099859238 34.7104479074478 34.7504950761795 34.8557376861572 34.8794811964035 34.9797253608704 35.0099674463272 34.8753983974457 34.5357457399368 34.7070299386978 34.6710233688354 34.7568925619125 35.0890101194382 35.1387478113174 34.9935929775238 34.9084365367889 35.0139999389648 35.0376046895981 35.0365618467331 34.9309375286102 -9999 -9999 -9999 -9999
35.1669883728027 35.0324021577835 34.998953461647 35.0174593925476 35.0942007303238 35.0411900281906 34.9154306650162 34.8272966146469 34.735822558403 34.6385613679886 34.4647001028061 34.276792049408 34.1756346225739 33.832164645195 33.6935563087463 -9999 -9999 -9999 -9999 -9999 33.2053265571594 -9999 -9999 34.1210235357285 34.0600689649582 34.2745991945267 34.0793050527573 34.6338703632355 34.600589632988 34.5749599933624 34.7257982492447 34.7330191135406 34.4940966367722 34.4940795898438 34.4065852165222 34.372413277626 34.2936285734177 -9999 -9999 -9999 -9999 -9999 -9999 -9999 -9999 -9999 -9999 -9999 -9999
34.845103263855 34.7438069581985 -9999 34.8277541399002 34.6504656076431 34.6028693914413 34.4375970363617 34.3491073846817 34.2367442846298 -9999 -9999 33.7372866868973 33.5235911607742 33.416365981102 32.5938460826874 32.6966296434402 32.624192237854 32.4372053146362 -9999 30.7308756113052 -9999 -9999 30.8818999528885 -9999 33.7056242227554 33.2864845991135 -9999 -9999 33.682889342308 -9999 -9999 -9999 -9999 33.8629944324493 33.9511976242065 -9999 -9999 -9999 -9999 -9999 -9999 -9999 -9999 -9999 -9999 -9999 -9999 -9999 -9999
34.3902543783188 34.3144791126251 34.2423859834671 34.2335375547409 34.2200282812119 34.351349234581 -9999 33.902116060257 33.8540613651276 -9999 -9999 -9999 -9999 31.8152179718018 32.2807104587555 32.4382120370865 32.4806025028229 32.4356813430786 -9999 -9999 -9999 -9999 -9999 -9999 33.2738885879517 33.3122925758362 -9999 -9999 -9999 -9999 -9999 -9999 -9999 -9999 -9999 -9999 -9999 -9999 -9999 -9999 -9999 -9999 -9999 -9999 -9999 -9999 -9999 -9999 -9999
34.0236315727234 34.0756874084473 34.1479880809784 33.7765949964523 -9999 33.7940231561661 33.3036643266678 -9999 30.6802926063538 32.538160443306 -9999 -9999 -9999 -9999 -9999 -9999 -9999 -9999 -9999 -9999 -9999 30.659418463707 -9999 -9999 -9999 30.9082019329071 -9999 -9999 -9999 -9999 -9999 -9999 -9999 -9999 -9999 -9999 -9999 -9999 -9999 -9999 -9999 -9999 -9999 -9999 -9999 -9999 -9999 -9999 -9999
-9999 -9999 -9999 -9999 -9999 -9999 -9999 -9999 -9999 -9999 32.0489212274551 -9999 -9999 -9999 -9999 -9999 -9999 -9999 -9999 -9999 30.5066323280334 -9999 -9999 -9999 -9999 -9999 -9999 -9999 -9999 -9999 -9999 -9999 -9999 -9999 -9999 -9999 -9999 -9999 -9999 -9999 -9999 -9999 -9999 -9999 -9999 -9999 -9999 -9999 -9999
-9999 -9999 -9999 -9999 -9999 -9999 -9999 -9999 -9999 -9999 -9999 -9999 -9999 -9999 -9999 -9999 -9999 -9999 32.2568624019623 -9999 -9999 -9999 30.7302858829498 -9999 -9999 -9999 -9999 -9999 -9999 -9999 -9999 -9999 -9999 -9999 -9999 -9999 -9999 -9999 -9999 -9999 -9999 -9999 -9999 -9999 -9999 -9999 -9999 -9999 -9999
-9999 -9999 -9999 -9999 -9999 -9999 -9999 -9999 -9999 -9999 -9999 -9999 -9999 -9999 -9999 -9999 -9999 -9999 -9999 -9999 -9999 -9999 -9999 -9999 -9999 -9999 -9999 -9999 -9999 -9999 -9999 -9999 -9999 -9999 -9999 -9999 -9999 -9999 -9999 -9999 -9999 -9999 -9999 -9999 -9999 -9999 -9999 -9999 -9999
-9999 -9999 -9999 -9999 -9999 -9999 -9999 -9999 -9999 -9999 -9999 -9999 -9999 -9999 -9999 -9999 -9999 -9999 -9999 -9999 -9999 -9999 -9999 -9999 -9999 -9999 -9999 -9999 -9999 -9999 -9999 -9999 -9999 -9999 -9999 -9999 -9999 -9999 -9999 -9999 -9999 -9999 -9999 -9999 -9999 -9999 -9999 -9999 -9999
